862
8844
15602
31357
11862
949
11860
45325
9091
710
9087
12110
21032
10858
1408
524
4584
5
9273
11517
8012
1710
9691
12665
451
16420
9263
17015
902
9909
63
9598
687
33689
9603
31174
11443
9312
577
11861
807
10530
629
11448
26441
9089
11010
11359
17182
2054
10607
9536
11525
4482
10634
755
11859
28387
9102
27526
9623
400
10534
17414
13997
2086
9095
12158
9283
9208
406
11062
13685
9614
688
10874
197
103
33542
43566
11066
11104
2074
27793
11863
9101
9302
11000
9737
30765
10474
568
11780
34996
414
649
1775
8839
20649
10329
8963
26564
8068
8512
1572
13552
6520
9073
10428
9886
9482
19326
9344
9071
8973
2293
9070
48787
1642
11472
11980
32646
10533
10802
10149
18402
9348
281
5967
36834
9090
3512
9560
9804
50797
19155
76
11017
9382
6715
18256
2292
1909
8984
4954
10531
11929
8467
10451
20156
522
397
10525
15789
21183
14275
1024
13701
14819
11777
628
6280
9061
37108
6071
11
9587
19101
18183
4476
11008
47504
11318
3036
40490
24070
8986
10510
8438
11593
1945
241
9058
527
18220
6950
101
680
40156
11450
10452
12106
3586
110
108
109
22586
2636
2164
11395
278
9905
20306
31439
9067
9059
193
25066
12122
11381
1587
9271
2064
19855
236
3049
2759
12635
10497
11382
9331
10731
10464
34152
9495
888
13
712
16295
10879
10660
10714
8587
1689
11596
854
9359
36593
12280
2788
10427
11011
8987
1637
8831
36955
10449
10395
12160
26352
315
11667
8011
2654
19092
2758
10436
13595
46094
9409
11853
11041
306
14522
26203
178
19819
4722
18215
1607
6075
11310
9350
9612
2124
26261
19176
11566
9571
9739
26141
10997
10443
16297
9024
37233
1634
13815
5503
35588
2087
41579
2019
31642
9255
10612
2259
11934
12475
9386
7984
15765
6
329
10909
507
34024
29918
9593
22317
1413
12121
2246
10502
10440
9516
2320
5879
11971
2625
788
21450
11231
10447
31586
9300
9559
9800
713
8291
25557
10872
1245
11858
7007
10467
5550
8005
2088
10412
14534
424
35233
14291
11236
11592
8850
10445
695
12519
23210
858
867
78
13203
10442
11074
9607
17585
9057
10635
9479
10057
11969
319
15139
11446
51980
11655
8223
23637
10897
21352
25403
9066
771
251
812
280
581
268
274
408
10020
10895
114
576
7300
10824
275
25059
11827
8766
47333
10112
4307
12520
1592
19042
38884
9099
10988
11479
10684
954
8840
11107
10363
10539
10543
11902
5801
896
3065
2300
8069
8072
27281
20762
753
9103
10990
8866
12233
23449
36355
922
11687
9304
9100
9802
21588
664
11867
9323
10280
10535
532
26744
10547
935
40751
11101
9826
9879
7095
26890
627
602
14553
9566
10545
9894
11543
9268
9327
11228
10779
26748
38223
9294
11363
1645
36344
18550
11511
34170
12606
18975
11962
2925
3595
9308
12123
10830
3573
10546
18862
31417
9431
10061
549
10478
238
159
11134
9303
9054
11015
9306
3587
10723
19004
10987
27854
981
872
2769
13320
164
426
567
3078
13528
213
284
239
4808
289
963
11113
6620
804
909
630
770
31044
599
15
62
705
223
25670
303
4174
8356
381
20758
29376
1859
18299
17281
10907
32093
1939
22292
3598
3080
198
13562
1712
220
3529
3085
2897
1585
3083
900
260
10331
488
22733
261
32574
11076
10861
1770
18203
9333
9400
9401
11306
9625
10680
6346
18660
14821
14136
10869
22660
19186
31102
6878
18444
173
864
24795
11224
15947
9078
8367
433
11360
11114
12335
12092
10948
11229
15121
562
10163
11159
9591
10938
11412
10586
42314
27845
25147
9716
454
10218
819
11238
1834
252
16372
11561
11302
623
583
12614
21711
11575
475
521
88
500
792
8491
402
10537
11386
9504
15764
601
25842
2119
744
221
702
25750
9305
11112
21612
36998
1630
11816
11843
10379
2756
790
1103
11298
4480
4481
10765
762
10548
531
659
8074
49763
10608
11216
7452
892
1600
975
18129
409
38251
10161
1412
10409
14285
2469
10174
31225
510
11455
1891
2493
85
68
679
429
13446
389
947
185
595
28
335
1892
144
1092
769
348
766
175
11645
10835
539
525
240
600
530
10705
279
3109
311
1578
703
9549
1398
387
9277
343
490
11235
218
763
9665
18971
696
379
207
37247
1480
9322
826
422
829
828
3090
9964
3063
13667
694
235
832
765
5925
11778
4485
137
33
982
8428
212
105
1633
11202
1554
149
8009
903
11673
3034
339
10404
914
756
288
910
2640
16633
665
11031
11314
15143
89
10322
783
10644
11257
14370
12104
625
8816
830
2323
983
642
655
10341
639
8077
814
27214
16235
11449
24913
49126
32076
571
8851
30346
6114
229
13549
9529
1598
11349
7340
6217
377
653
794
31640
8744
25189
145
2212
199
7863
12498
9279
17204
21539
20539
11674
1573
152
174
172
154
157
168
364
11967
9086
621
9037
10173
8845
578
579
17692
17795
75
9390
378
10896
2322
9819
31908
3179
1802
4232
9361
2928
10549
8818
36758
36040
9415
12145
34314
9404
9622
8860
9619
31000
4104
784
12489
16448
17894
28059
17949
1968
66
11419
638
25624
9366
9446
28005
9403
10003
9311
884
1624
16052
4477
6499
9405
12723
9360
9434
13982
9611
10357
816
2163
12499
18
11239
2058
9450
330
1701
26422
1639
415
11103
11970
8874
266
754
607
17834
686
4421
9387
10603
2142
8413
10336
20737
9413
14585
18519
8834
9458
8854
22073
4961
9416
26180
17832
9772
6072
1669
468
10806
9433
6623
2118
978
9437
10351
2649
14289
10155
18355
68924
2255
9427
17589
3597
1813
36797
782
9827
8067
10871
14398
10890
1281
9770
11975
4995
9281
563
19931
10215
9823
37165
45609
9407
4824
9444
9414
8078
11831
2895
19601
22797
2639
9574
10371
489
9714
8197
6283
4233
10217
597
714
9922
547
184
9746
9438
115
9410
32302
12538
586
2666
11258
9490
9411
9033
11220
6116
9457
11702
12238
11568
11003
10153
2898
9558
26269
11808
17941
10668
9313
42807
617
36568
5910
9440
17127
2157
8838
29193
795
16980
47881
9469
12488
267
16148
21252
9449
10622
30020
10216
9448
18316
4415
8656
35796
18937
929
9452
1878
9844
14342
9715
26610
1965
6068
15037
37636
21334
10674
846
3050
1389
11020
9464
95
944
35680
11551
473
544
10513
28966
143
33680
12311
34106
43266
27367
17661
28580
887
33667
23383
25430
27191
11426
654
15919
1725
5769
874
10633
17917
3116
1051
1366
12102
16619
9443
11050
606
746
380
403
11485
466
13820
15389
13597
2108
10014
10072
10131
10160
11284
4488
9725
9728
9730
9731
10225
10281
10283
948
11281
10676
11357
11361
36599
39929
10585
11186
11187
609
11133
10306
9552
11586
11587
941
942
943
927
928
9340
9342
12101
19
165
196
551
16084
17984
3170
346
859
841
11051
242
9769
9424
9835
857
10957
9570
16249
13962
19379
11164
18887
10122
9994
12129
14140
10439
11158
9354
9631
9820
14013
1779
10849
678
907
5961
11974
20348
26648
11911
793
9325
10340
10144
10414
10437
15300
12230
10693
11335
11135
11319
14822
15969
13155
10249
10882
24808
13850
2619
53565
97
10419
11675
2107
6471
9442
11591
13697
19158
227
87
123
9314
11336
9980
10657
10489
10823
11497
2907
9454
8688
23954
12761
396
14367
11814
16081
18331
15171
11837
11704
11639
4978
10380
11976
15144
11522
11557
11415
37530
8393
11937
21661
9320
14662
10692
805
34584
34636
2182
10278
36647
14557
9417
4011
1580
5854
573
2370
5780
506
22527
574
11219
30159
845
1978
3682
847
117
14577
37498
31667
13321
21734
31997
24197
11462
31995
940
2762
12684
2761
8208
543
2760
10220
431
22796
37916
21873
21500
12626
3525
2321
2028
16384
10699
11597
14347
18282
18169
11082
5971
11933
20096
30815
881
4478
22318
2109
24746
8195
9877
26618
11855
24016
14794
11071
1091
10403
11337
162
8916
9429
12159
27791
30197
10156
10377
3121
9713
9821
4437
1890
1955
11932
6435
10683
9445
2657
9425
637
8675
20701
9945
73
12888
3033
9882
10663
4518
1808
3600
17037
297
11893
12223
32081
14924
10002
19426
12560
9798
14444
9487
9466
666
10162
309
692
24018
1678
39256
1680
244
10730
8130
11532
9749
14628
9626
13698
10466
707
11954
9336
10157
12118
10587
11825
11895
9447
12257
10029
11252
8545
10223
9745
200
9837
11545
1934
11881
13764
8879
1369
1368
1370
10303
9326
10328
11285
1367
1371
1374
1375
15196
11904
15596
13818
1885
8856
10495
5825
9489
8741
9276
9822
10312
9441
9422
10368
11365
31662
36136
825
15556
28902
14709
9423
10658
6917
24086
11815
9426
10344
15698
2620
30497
16337
25018
16780
12151
25438
33278
192
10945
10013
9671
9396
11038
12278
11873
10015
12715
8388
1618
10722
10314
11167
2112
16172
16306
11622
10207
9849
18892
13466
1542
15256
8224
18417
1847
42113
8913
10906
25748
25749
8769
14742
15856
10671
27932
7227
10670
5919
33518
40160
2362
10803
871
1685
1705
1688
1687
11123
29723
9535
9455
796
100
30943
7341
10350
11772
9540
11773
22345
1567
1641
10212
10354
8583
16520
11374
16379
603
4951
8970
11660
9430
11355
18764
9465
1414
6522
22826
1902
6396
12596
9451
1946
1844
6552
24584
3309
18462
28941
18252
8592
564
13852
10210
17962
9460
1893
15849
18990
15660
1924
8536
9531
11411
138
3035
3077
3076
3079
13666
29794
9077
36685
10785
19483
8974
11549
18158
17918
18784
509
1090
12117
11779
817
14283
37135
2275
24137
10376
104
9032
9421
6488
9473
8487
10279
2767
2105
1073
10208
2667
345
9825
16158
620
2978
10490
11618
332
8914
9824
4806
247
10056
967
802
3175
147
1628
11120
10136
873
26789
11416
10776
24452
9710
30890
20242
16406
10386
745
913
912
12229
19457
11353
17707
9781
48781
12185
29056
26857
28501
29030
25319
29074
24103
10552
9267
10766
10768
813
2665
9406
11418
11153
14170
2280
11077
28597
22611
10396
9944
850
10154
10342
10366
9349
10494
11037
11963
9096
1911
2900
17709
37718
10307
11601
1075
47951
43832
47697
26522
23761
12105
14
24128
11001
10390
9453
704
24153
11797
18086
17887
10669
11527
1049
28032
11326
28377
10975
10974
10398
2290
14429
15198
6415
24066
10381
10349
29787
9638
10576
12662
11712
12618
13824
226
10388
9346
861
14412
9377
11541
2457
11901
4929
11230
8416
11054
851
18254
20123
16642
2593
3086
16305
32255
19997
3767
535
2731
1654
14831
658
657
646
5689
391
8052
772
31650
550
12220
1610
404
42196
36819
42726
9343
16858
42006
11562
10496
16162
8649
10563
32043
15247
5548
5549
856
699
709
253
660
11377
26149
492
128
8672
8056
2020
9481
9008
14242
16129
11489
28145
18111
11223
16281
16288
1694
476
37094
13555
961
24831
25560
21610
11878
11510
11234
957
11886
37853
62204
11040
21849
1621
14035
11498
11790
21349
1832
10047
10228
11663
13485
9289
9264
11165
4203
24226
11379
29154
2039
11943
11481
2690
10399
2668
36643
99
9647
11787
5156
24276
11953
29005
26371
596
20334
11393
31121
293
10998
12235
9013
11005
2924
177
13681
9946
863
31582
22267
5486
10411
20024
13787
9684
9586
777
32669
31681
10402
497
1715
42739
25188
15515
1439
2277
10137
49948
334
46435
36492
624
26578
43194
9563
1850
926
1213
10471
10400
10397
20761
12524
10219
3558
17908
10384
10236
632
11851
5924
14886
26617
10493
16241
27632
22160
9644
13342
35119
14919
14040
2990
10831
33078
16672
10472
21489
32600
13005
18681
10406
14741
32015
1883
2005
6279
11087
7305
24735
9475
8872
8873
11287
9869
619
9374
11259
8293
11068
1923
10158
10206
11782
10086
9367
9876
10326
16562
9609
12143
4234
9605
8374
1907
15489
15655
36210
30062
25934
14181
10385
2787
2069
28978
901
36208
10098
18264
2155
11004
25166
10416
4816
28569
11016
20423
10839
24481
11296
14280
2067
622
12186
20283
5693
287
968
838
16958
3114
12501
15873
35412
8333
19259
820
11718
8989
26827
11157
918
11176
14900
11899
18890
10971
462
9532
2383
1396
1541
17443
8469
925
41823
1713
26170
30547
13939
14373
24873
26263
34746
996
9079
1498
1497
1499
1880
11690
29143
801
11520
1879
2085
13539
16222
17078
33516
9960
3082
12187
24748
990
1908
9764
840
39890
26689
25673
2291
13531
16620
526
13346
243
10501
11478
6644
879
32613
31624
17529
11327
1700
41659
593
10774
10083
11356
10747
10559
20697
2621
10479
2006
17339
11305
13665
12309
1552
106
10333
11027
10468
1359
4967
10557
13776
10784
10242
4825
11654
10518
11977
18041
14736
3536
1443
10424
28971
9456
889
10564
15723
452
12476
98
11129
1058
16395
13105
22501
5491
10560
10688
17889
18228
31516
5683
14906
12518
10567
10642
9285
10569
21484
955
8584
16093
962
30588
668
23518
691
698
682
28973
499
9600
2768
24920
10911
10102
26912
26278
26953
26954
26956
6003
23939
11072
23069
13368
985
14002
541
938
10648
11368
10875
2075
1551
10246
19698
23919
26554
15239
28165
15762
169
865
9663
10128
9659
8810
9355
1727
635
10068
11495
11428
10117
25562
9679
10264
31657
17814
11879
482
592
31593
12611
32047
9040
25364
5121
195
6978
3133
643
10571
479
7450
31023
7443
2123
2024
17711
2133
28774
46929
11598
9702
9873
16820
14864
15379
12764
27352
8348
24099
17897
16094
20343
13757
11822
12706
4244
4247
20770
1052
20540
1788
32275
36657
2655
12599
93
9278
18118
11940
24167
10276
13783
11624
15867
11686
11830
12107
10401
10641
6282
9383
5551
2360
28043
33468
21866
33408
11589
15158
16139
16146
26515
11856
13567
10860
8420
18391
20850
27452
10391
14195
10393
18168
8843
10643
37136
37137
3110
14698
11694
39891
9651
11398
1588
12211
1698
10480
10685
1619
786
14805
18074
10562
12212
14629
16
13785
19348
10637
9003
9064
11569
10434
38126
469
2160
2161
3073
10973
10787
9507
27475
20455
10461
1485
1597
641
10687
6521
10763
16888
10383
2134
18801
18498
28605
13465
20367
71
1636
10647
19204
12207
11531
24100
10783
4327
4958
9678
11978
8870
14295
681
11372
8452
10862
8871
16340
10481
10867
10876
9741
146
11849
11983
11678
2669
20721
2609
12714
708
1857
10673
2604
10132
11064
107
40820
392
8859
11688
12509
3981
711
2046
5001
8358
5994
1493
134
21991
10577
21355
11973
1900
10873
26719
15739
15413
2623
11209
13715
8043
10655
9989
9816
5955
17474
11191
2613
22021
22048
17006
26333
16723
2018
47943
5709
11215
10937
96
90
11028
19324
19933
12919
15785
12506
39507
17159
10110
18935
764
15658
4918
32054
2614
580
13703
36914
1547
10019
11649
13509
24940
37302
10984
843
318
9740
10878
10697
7093
16300
19405
1921
23685
12138
6073
39180
2749
10050
17203
6028
19490
1888
2428
22013
15598
17965
14460
17466
9594
2453
33676
4587
11454
38718
4192
11607
14052
16889
21309
16263
4985
23730
853
10877
5257
77
10833
20309
12658
10054
10646
2575
55
2043
4133
56715
10991
634
10956
19366
28308
9519
9290
13166
111
32488
10477
12484
2144
1734
4973
8095
849
39266
11307
11163
11035
3784
22829
19494
40842
19357
9062
11174
934
9476
5852
808
824
676
29572
26255
22414
1406
13554
17664
41050
1632
966
12639
301
12623
11896
25538
6498
5923
15497
21876
11090
14034
9397
9705
10364
32458
1089
9967
17494
17465
759
10297
10653
9576
10865
1995
10808
9799
644
16161
10691
10615
11826
9301
11444
60670
10992
2140
4248
17612
3134
8217
22478
24382
11286
11950
36245
15875
23439
10728
5991
11697
6106
22477
19200
11300
16211
32569
20075
28794
43316
34689
10238
4789
18030
18988
11536
10339
976
69605
4780
11906
11713
9589
12481
13333
13938
10540
9462
2114
8835
11371
9517
15745
36107
31052
10868
9395
14506
2
26044
59797
14911
15592
15267
12710
19382
24679
9599
18509
7520
10126
9602
3980
10127
12702
9748
40095
10651
10141
27362
5680
26386
10675
10130
2617
21362
11347
12144
13704
12505
12120
3543
9604
24929
10925
24266
18197
11503
9717
11966
2605
8740
41428
8337
28176
9493
26603
29095
12582
10001
11352
12500
25678
25682
1648
4105
19124
10142
3064
10134
14550
2210
21721
11828
10551
1380
19157
11465
9085
17819
32059
505
10345
10222
14621
14372
15138
9972
9494
17362
9942
8216
4296
24739
9686
27418
31606
27607
20006
8867
12663
331
11467
327
1548
13403
869
552
36095
2171
19142
10135
19236
12150
11185
12521
25155
9618
31608
22102
6951
11959
2616
7091
249
11342
183
24126
8494
26535
27431
2148
27813
2057
9880
5175
11385
4484
20391
12584
1627
11542
17169
33214
2770
12610
1933
13496
24936
10972
1722
9896
9683
2779
2294
10016
26602
22230
742
8922
11065
16314
18885
40508
27346
34223
16307
27681
11370
12508
14033
18734
5998
2176
20857
2185
10696
2034
12537
9028
16180
11521
21028
27327
29756
20115
30295
11576
43802
9660
15393
1644
12502
10373
13766
16380
12103
11313
9398
10866
34549
9778
16121
166
1623
13550
13612
16769
27958
1716
20681
3172
17708
12780
570
1018
11380
984
14811
9585
14267
768
2100
11091
11845
9081
167
9378
141
11457
10778
11456
585
10796
23949
11088
9889
45964
671
20794
11469
14369
1535
1433
1999
12472
11834
16085
269
16441
11422
10656
72277
5781
23805
34388
11033
37835
3537
8738
3604
26398
10649
17689
15983
14854
10847
299
42160
10650
8007
161
31682
8342
4886
228
23111
194
11397
1903
11889
9523
9428
1649
11938
26978
8386
12589
12312
11232
120
11086
453
18939
11414
12593
10794
5052
37257
8489
855
12660
10269
5279
10950
1365
6440
14580
6037
42987
11857
6312
11595
10170
848
9610
15035
4965
11891
11888
150
112
20678
15050
10423
11710
651
20620
18647
11362
2637
10229
9606
11447
16550
34723
52744
20009
2084
4031
19562
11870
9884
11535
11212
21845
11528
931
17130
10592
8470
16690
39939
9272
32499
993
11698
41357
14475
10052
11979
9991
480
23479
38442
15999
614
2752
10590
40723
40364
13225
46717
20465
35614
7219
17058
13950
2135
965
10889
10935
32030
29343
17909
26843
14807
14729
30924
18910
24919
24825
24032
11333
425
1576
5851
15647
1391
18172
24248
13006
10627
28124
11563
15119
12705
11006
15120
21629
16026
36586
6020
18292
15028
9275
4547
14635
1791
22784
40814
11560
11452
34276
548
11590
1537
12149
11812
35080
441
8346
14168
2565
307
15482
6393
12154
11630
21970
11892
9334
36093
10491
18079
11470
16643
1282
11468
26030
10164
28384
27094
5203
13201
9689
557
28289
32037
24767
28466
12227
10985
2251
11240
46592
14117
38360
245
1894
4012
9026
15417
11791
13963
1957
320
9023
24010
24014
24008
1936
4614
12277
15677
13153
811
163907
7216
3132
9583
2501
9637
12100
16857
10394
34130
17898
21635
27945
10169
13909
11544
180
9555
17710
2022
11982
12251
21972
608
59387
17043
6278
4147
16664
49370
2721
11442
1364
8869
8665
10996
818
6404
5155
23728
3780
10786
8764
13908
2675
12308
9488
9962
9573
7451
2750
34070
6173
10081
11484
11692
9266
8653
30072
9357
12771
9296
15070
11243
10323
9595
46878
24750
24038
9941
10859
10725
9544
13536
20616
16806
15516
9299
10611
12770
4108
9685
14361
18943
32685
18477
12262
41582
11504
23470
977
233
5506
32961
32568
29698
22244
19460
575
10550
9034
9093
9039
1958
23550
11013
129
11529
10771
31005
2110
9533
4107
10575
9260
1682
18983
24348
19140
37606
11868
12921
19953
10772
12590
37964
7501
1809
13768
10994
1430
40815
12600
8051
12779
15992
1613
565
14112
15192
21925
16646
12647
12477
10285
19403
11009
10805
17496
40969
15668
19429
11340
11644
24124
8691
6399
19123
24274
33016
26444
19114
24740
10863
12237
12579
28893
11646
24634
21764
37936
47957
22171
39874
25468
19507
47886
31646
1672
9645
9012
13098
13440
12454
1360
13441
14626
12208
11905
1941
8427
9021
13526
9280
65
10712
10167
672
542
2165
25037
11617
18993
11880
12716
12717
13888
10750
44247
13386
43089
9538
14664
9317
12528
11524
32077
36669
17187
10426
8198
64
13376
2103
9016
16028
20992
6007
25239
25284
14433
9932
13369
2757
7299
26356
4241
17360
29743
16363
22023
171
11564
4202
17590
28940
13497
11852
7303
201
2755
10856
18602
121
25838
1429
13435
3131
2642
14317
11022
24249
9491
2149
20139
19067
14931
11317
4032
8392
12232
11706
16938
21143
20424
4561
640
10599
1574
590
13560
29339
423
16225
262
4912
12090
35172
9582
10628
11078
598
11222
13199
8073
15278
34148
5968
10727
9045
14469
20663
12253
9358
1647
9027
21189
10894
12490
4193
10724
11915
37917
27088
10150
8288
15600
11949
14645
27726
1563
30874
29702
9699
47955
23943
9919
6038
9480
14873
1956
12112
12139
18587
17264
2984
26173
4952
991
4911
16072
11615
11635
10623
9613
6524
11244
10678
9567
979
13819
1591
455
10632
10929
16229
12079
36362
27236
15347
37258
8996
17729
12157
11571
2671
9669
9557
6171
13691
11523
14675
2525
57447
29912
10782
9341
9776
10735
12516
1675
17057
6016
8409
1817
11299
7294
9506
24982
2662
12093
11817
13370
8326
13411
11516
10180
994
10514
14237
1714
9930
12661
29355
24961
10743
2832
15098
11458
16636
18736
36658
15394
10708
22958
10989
1816
15259
10515
22201
11424
604
10720
1555
33875
310
5146
12
9654
9902
2260
584
1088
5921
14676
21717
29425
5920
26593
33564
6646
29514
15462
43828
11145
21027
11890
11916
14551
26317
8092
290
11463
2470
30462
10243
40085
3009
6643
14817
30708
38765
2071
10152
11375
20694
17813
170
9471
9581
216
38171
61225
18886
18722
20645
11482
6949
1927
10327
14411
296
302
22
8698
8961
17403
9486
3472
11894
20726
1996
4464
12279
9104
54580
4613
12530
29805
24993
430
5185
10553
21512
21449
8273
8046
8094
10330
9257
9499
12491
27814
33954
24192
833
3101
6466
20210
2055
11770
14926
2771
10923
17745
18573
8992
19053
11206
30970
13154
18148
636
11898
14881
26198
35073
9051
9362
19542
936
12268
10999
33521
4593
12276
3782
20815
6619
10610
2830
11351
13778
9616
1415
11547
7270
1428
153
33320
15136
27590
14603
10617
10618
10619
11293
19383
9584
8408
14030
2687
19064
28942
10739
12767
22309
13156
277
9707
7288
10159
10934
5653
20
18113
5168
9662
837
19666
821
1358
776
16563
11703
891
12531
10881
11832
51300
11806
10438
650
10337
8446
9874
11477
29161
9501
4543
11046
11707
7442
14425
6723
16969
11338
13339
28761
25237
9871
11364
30315
13765
12772
18900
3087
14282
11502
21219
2116
1584
2056
4997
322
21765
11059
11775
24
11329
9373
1550
5493
28200
10629
10944
9839
13920
4256
10009
1807
30141
10536
42044
1376
50374
20312
10389
897
11657
10922
13537
605
10719
1836
508
11846
10715
8619
12146
10588
4970
470
11042
10147
10756
9562
11012
9556
13581
19184
9065
4823
10168
10234
38939
10952
14022
860
48035
5000
780
234
899
8289
11583
11002
6472
5143
11384
5227
8010
10410
10407
9292
11850
951
10804
5765
9319
1643
2007
10995
8047
2612
3112
10413
2611
1825
10538
11092
18410
19065
3176
9261
5336
14671
11509
10729
29437
20763
2047
14249
10021
11634
14746
11824
8222
12395
9846
23719
11986
1626
483
10166
6069
11018
11676
3681
43436
20325
17687
12545
27972
898
2000
648
618
19120
4024
11316
3089
29845
995
1594
32318
11839
916
1976
31685
3062
12708
11610
4939
15927
40423
7857
79
13912
987
81
11821
10023
11519
15659
18857
42740
20126
827
11811
25431
2742
32040
3596
37719
9063
1818
255
10744
10511
10028
616
587
21542
6964
1792
3635
122
11820
8696
12698
11093
504
11007
2289
9620
10601
14844
37088
31026
5966
10718
14757
11034
25095
9548
17258
11429
14815
427
3022
778
3088
22584
27725
16227
980
37833
18995
5205
2017
14239
405
9696
4917
5055
3059
11708
1954
13476
11194
12634
13505
14114
15708
21301
20483
14292
1278
21968
30566
22004
11023
1824
16784
337
11951
43376
28963
2576
19345
12775
9838
2099
6470
8842
11132
9352
615
11217
10677
13572
338
2023
9384
25935
797
42602
29084
1723
25955
24548
31602
17047
10591
1586
11169
10433
924
38
11081
16941
9541
5516
20304
11024
553
10544
1487
13700
11137
11358
13573
19084
10733
14442
2122
25300
14576
6844
923
3591
10338
133919
12239
10843
393
7220
237
10096
9509
10710
11058
11141
10625
11025
7131
652
8440
883
10375
12503
11864
9461
132
28276
18329
17993
26517
22137
31676
10035
502
41965
10347
30959
667
700
26976
36670
43818
24650
20640
633
5511
41003
13936
11507
17538
10435
1162
14684
10261
13937
14980
26670
10940
31965
5842
24012
988
204
9356
32430
16113
13913
18209
25508
18978
27171
12310
27786
9624
25736
25389
9872
19552
2786
8075
11533
1394
13553
3777
11659
26612
10604
16876
14782
9545
11060
17365
11474
10916
10941
33157
4923
11656
25009
40092
10133
9459
24965
192936
876
1583
17653
11069
10829
26860
27130
31952
11577
21159
336
11942
36206
23330
30137
25858
21948
30368
1059
12493
13122
14273
11030
26372
11506
29455
11602
29453
11700
47735
14638
14703
20481
7090
5902
10775
4552
12762
14510
15618
24341
10690
26326
13282
22642
17921
18283
13823
4291
113
5916
26234
12205
27804
3001
39434
11574
203
29740
10652
26268
25853
10355
14554
250
19086
15392
631
25504
1786
14258
11315
29592
439
823
20289
16905
11548
38291
20532
22522
40478
5165
5722
5544
14696
4909
35280
19185
22596
4497
15371
11044
16214
41662
17346
13763
10498
11796
4507
1994
870
15573
41059
10178
16391
10734
10949
809
435
4599
12657
13193
24190
673
16617
246
2789
8920
9890
8193
11546
18387
27118
18333
18712
831
10484
26516
26451
28571
9372
662
16559
31217
15794
13188
12651
886
9791
27554
26973
38582
9542
26175
37696
136
47653
10970
28162
20676
3019
10204
9472
594
8981
12153
1944
11036
1997
15237
11939
9256
8991
3293
17645
10448
14365
10606
16136
6081
12577
13696
44494
15484
2330
2334
13398
2912
701
10631
10780
26596
29264
1777
11584
26811
22094
11884
558
80
10742
9477
8699
9893
11247
2048
436
10754
11897
2502
314
18923
12206
15876
15244
62395
24559
40374
32294
41463
1040
1783
22156
31522
47796
42801
18671
5179
19974
22112
13580
14462
14623
6947
401
50247
46326
1538
14846
2577
16606
11282
11130
395
11052
10762
11026
11237
8080
14797
11632
15644
11208
16153
13559
29979
12548
24924
17994
31117
9759
1577
14198
16232
5137
11823
18804
13969
10145
13702
1653
747
4176
11177
26690
10905
18196
27815
12707
42172
1492
8689
10555
11128
1599
14024
11045
14337
26108
4380
3989
16358
11121
3053
12456
28153
13416
11099
12483
15566
1970
8849
9675
4553
11109
16131
176
1677
10740
9806
5255
11184
11249
10589
9801
866
4251
2059
140
11836
1966
13673
2288
9550
163
36648
16248
15613
8424
58129
57283
992
964
905
31411
27517
25768
626
27899
5729
13911
31592
877
875
779
3031
43149
43904
24106
27970
14615
24807
17030
16515
16274
37698
3084
17801
29884
18727
41391
21451
17136
18771
16090
14320
43469
20246
43461
29244
29380
37347
3766
946
20482
4558
800
43364
31372
3111
28696
803
18776
42661
34528
27029
690
46918
31589
750
14537
16103
13671
11085
24188
21135
15263
25253
15421
10299
24229
26031
3763
7348
28504
17295
13187
17102
24395
29715
3482
895
20108
2661
20379
22293
789
45706
11047
135
17905
4191
10227
26039
5767
27277
9929
20873
29778
14801
49397
40430
48831
29748
2860
31304
26606
2998
31906
31767
839
16328
16154
9394
34479
13041
18250
12089
41471
17810
760
27331
1410
9474
59189
31587
22307
28498
21035
25473
25627
24402
5558
16246
8327
29859
9385
10711
1829
43430
32042
9652
5725
38783
3870
10640
26842
42252
11558
43751
18775
12535
1421
12637
38985
11935
1362
11537
33701
10654
64353
13633
6341
7012
15251
11948
232
12633
22998
15301
29140
11609
13189
48677
19596
1884
19621
10179
27414
8221
17663
8868
12615
14029
10372
9056
27064
10176
9080
18502
30069
9318
10570
24657
11471
21733
49964
4043
8852
30421
18305
16296
13192
18917
4271
16859
2927
26936
9768
11909
27274
10485
9569
7975
21344
9399
30017
11131
21168
1662
6444
18311
1483
25330
4539
22828
12776
17467
15080
6463
14362
9588
21338
13995
11198
19143
27381
11621
19087
40082
31962
22590
48150
14135
16437
12088
19371
7500
11143
13519
32764
18998
18392
8983
17809
11067
10486
35977
19223
18674
152426
30718
37797
12613
16233
13063
41343
27318
16003
8214
2061
11210
12254
16992
9956
9092
18415
8765
9845
9732
5470
10213
19846
12095
1283
14533
9812
8697
7096
21039
17263
344
15805
13428
11508
2487
10429
17985
9597
12485
17074
18491
11854
12619
3716
21348
9011
2332
5458
10482
110147
15653
844
29512
2463
9439
16234
11075
15917
10706
467
25988
15024
11366
10751
10757
23160
2899
20536
3577
2440
10836
10955
12900
10978
40096
11847
11056
919
13437
10046
16077
11553
10726
9298
437
27324
14752
11178
10943
10981
16184
11427
4689
18248
12720
5552
10077
11430
26955
4326
30806
38970
22076
16973
55931
12703
32250
44203
9282
10891
12540
60672
11197
3177
19277
11774
10855
4972
2841
11606
363
12140
4254
15370
1418
12496
17457
29987
10361
36763
14527
12542
11838
670
12583
9694
9667
13373
10304
40823
9666
11049
9316
11647
1913
2539
5528
10105
1114
179
83
14310
24860
4836
11190
11866
12281
10320
12086
11420
464
5889
10296
11658
20544
11401
1392
5460
8357
3509
11662
10103
41171
986
70
31713
32041
12487
205
28055
12597
118
1280
421
2567
9833
6478
9692
1901
693
842
9953
11162
26275
15045
11804
11354
14677
16442
7229
12576
16220
23832
10609
11633
9947
6439
7214
24749
17657
27429
8422
25970
11423
10694
16410
342
613
8978
11637
12142
11096
8968
6961
31165
2517
11413
22383
30923
11343
661
10310
29259
2436
20196
27430
16638
4935
8953
10951
8488
13682
12228
57825
561
10214
17880
8340
1942
19119
3040
18538
43128
13498
29993
9470
12721
37527
2926
4710
25103
5204
4974
258
8016
37601
4235
16186
10012
10022
4551
2026
9928
15771
36815
22377
1093
12622
15018
438
24546
11297
13374
9688
10040
11638
540
19884
22434
12778
16198
15283
158
5996
47002
14573
44154
27030
42994
21131
17113
187
14177
7364
11431
16551
42229
49565
2029
13524
19971
47406
42691
9674
26638
19673
32085
4595
31442
775
7342
9636
36843
7453
6183
20187
43003
10065
9393
16972
13073
8976
13020
11679
1495
10066
1640
11171
31414
15318
13384
9463
1566
27233
10913
10027
19413
11139
10837
1279
1895
9981
4379
14694
20271
27
16373
25649
953
12700
9291
19316
921
9779
9787
787
14199
10226
9528
12109
20941
11620
272
15767
15648
9709
11451
11683
9722
1382
9534
33908
9976
276
2151
12574
18503
20914
34308
11588
74
1667
13014
7233
9009
1553
9738
9522
14922
17599
1826
14646
10476
11309
1635
13341
1696
1665
11459
10048
11648
15258
5237
32242
37632
16320
12259
308
25074
26579
18882
6519
13919
1444
11453
9913
8292
13922
14166
501
28201
32051
18976
17110
17824
11328
15907
11848
25199
31977
6957
16764
11460
14134
19404
445
9564
20874
14175
4442
9042
15022
1985
9335
9007
9777
1830
7182
10092
340
1546
65215
10753
11636
14286
34181
8814
9923
7553
8202
1947
9074
16133
10319
8643
9315
3933
8923
59
257
15487
398
30941
647
11968
14517
17209
533
10703
5236
11344
9060
31056
14788
5471
19082
46315
9763
24019
15058
10017
10475
1559
11931
27759
21838
26513
10707
9910
142
9621
9701
3291
12920
16608
791
2610
9729
15276
8066
1656
6963
215
2313
16729
5335
8274
20128
26845
18994
10799
1951
19354
10851
25
9982
13994
12877
11661
23220
28667
7974
10060
10033
231
8999
8555
4348
10064
9885
9392
674
69
1833
6795
11421
1420
9005
13499
7548
7010
6529
20345
15184
2153
116
20416
67
411
254
1904
9043
14695
27031
9515
9721
23478
8290
8053
13653
56373
612
9899
546
2800
9641
7552
9927
9681
10773
4495
22975
10597
13925
9687
20530
9568
17835
6935
11400
37910
13669
16665
4550
34081
10045
168705
1690
9900
9044
9918
17379
10982
834
39345
26782
37865
4772
21519
16553
12517
24580
11246
23957
7509
2117
9912
24163
1969
8435
11183
13275
11565
11283
17
27568
25167
9286
15363
1544
1651
33095
20981
12096
33061
5145
9975
9754
10053
10263
7515
9959
9036
10073
7304
16781
9920
10025
9682
2207
44435
18747
9756
6877
14609
950
10912
9968
10116
16791
20442
15590
1967
752
9655
9388
9950
388
868
14191
18009
19286
19287
9792
10067
55676
46828
582
669
49361
12763
13222
42112
1561
31289
186
219
13751
52345
10292
10069
3093
9270
10177
12591
16070
11348
13960
9035
9957
9389
28752
8998
34193
4441
11490
18276
4257
2652
19592
17111
9526
5820
9904
588
9310
18858
1557
16367
8982
956
9530
9829
10115
14384
10008
7870
7518
9786
503
591
36668
9767
13689
920
12766
15402
806
9353
2044
9339
350
58
1819
2295
9697
4474
20556
10007
1887
13508
1611
48693
1781
16270
8997
10947
34186
7549
9615
9513
20604
9917
10770
1452
7872
18191
773
36576
33005
19972
21631
1164
9520
32740
43838
15383
9072
9297
5070
326
512
9718
1593
1852
1262
82
1986
1402
9293
9906
31032
51857
1948
148
77221
5289
9782
9907
42501
19017
9762
14113
15049
21712
7859
11559
10348
1023
2168
10118
9788
14174
11689
1491
1165
7291
9988
11652
44892
15265
25599
11227
14597
9708
9813
271
1116
5072
1249
9954
7511
13075
7512
1776
1963
10846
1381
15097
300
16411
9676
6948
15213
9766
32761
15742
1666
1579
9664
12094
1717
15624
15997
496
1417
4643
7484
9842
27275
1422
10781
9794
9978
8332
7510
28297
1975
9895
8975
9672
86
10070
1440
13364
18925
1523
1378
9693
1124
3683
14012
14097
8194
5890
6077
214
14620
11619
1427
13767
21057
9726
10093
14799
8588
36557
9836
9809
7551
10741
9969
2357
1581
313
7873
14823
8324
5698
36265
2179
15152
14457
15804
2447
10032
9796
1372
15077
18147
9986
2486
1246
18615
13210
12795
11653
14202
11170
12924
30060
1247
1125
8436
33583
1646
1730
8618
1259
10908
9053
1494
13318
182
1251
9656
5393
14171
14396
1931
13967
9992
19344
8275
2433
2204
26518
14449
13771
11578
11972
4283
7457
8398
13551
19166
3549
25648
6166
27337
46919
1265
25623
10758
26594
22473
16138
13668
7516
10075
9760
9966
1257
1248
9757
5206
14761
1252
2062
11650
2266
5172
9965
13127
37725
2016
17266
9828
9958
1250
4169
11172
3594
10090
7874
13393
12271
13185
22172
4638
11841
9695
24653
12554
5691
1738
1253
15163
14375
10845
15582
1949
11330
10942
7006
27040
11199
9784
8965
14624
1271
10790
18019
14055
2267
6691
1255
2977
15664
16727
14434
11494
9963
14001
2355
7485
9793
1273
9075
18437
8270
9955
10172
1683
10107
1267
22311
13249
1272
1590
32390
9903
10798
13377
14945
11515
7183
8271
1534
13158
23397
35838
16392
1407
15534
1441
6145
9843
10294
1987
13067
1268
9785
14636
559
1950
37933
14240
13171
4977
11705
2269
11798
1919
4964
2976
1562
13159
14547
11205
10004
810
5723
285
12526
3432
1872
14208
14207
5488
15860
8748
3489
55823
10063
12225
298
10832
13742
1691
1990
22049
9408
1979
14043
10288
1991
9952
21427
9724
1294
42700
12543
13807
11211
2748
9815
12695
2359
1988
3021
2196
1571
2959
6022
2698
1858
14125
675
3563
13491
11404
16083
37292
13402
4688
10857
10074
2270
14219
35
5857
3638
6589
8669
2503
14123
4516
8141
14217
10795
1721
34588
8363
5956
6535
28049
13074
17350
21494
5174
9703
9750
10760
4349
14223
13068
14144
4858
10431
12435
2082
11835
1845
13958
2335
10961
10071
4351
12994
2882
13501
6916
1992
5176
4141
13173
19583
4347
2009
4413
6973
7913
15019
77210
4629
5353
2252
13754
14284
6641
15071
8414
10425
7737
13257
10030
5915
13680
4588
14313
2728
2274
9038
7211
4538
2001
4517
4566
4520
6615
4513
5125
3877
8954
4771
10759
9773
13538
4512
41044
2011
5708
5951
9911
15667
14753
3603
2014
17202
663
9262
25476
20605
2015
7347
5718
5126
16126
18442
4982
5559
7972
2013
6977
4953
19026
5123
5817
13363
4515
5375
2310
2284
6639
4723
13561
13168
20714
11148
5876
4523
1620
13474
8079
13483
2268
6479
6477
7249
13998
3902
8272
13186
6537
7326
1874
1989
4946
24123
11600
13348
7350
7979
20567
12171
13250
15495
14148
13198
13885
6637
7345
6538
40682
440
6575
19213
6076
9546
14047
14118
54318
69315
6023
6557
49367
4787
21847
7508
10253
5259
8329
14062
2312
13195
7191
12085
4170
13252
11908
8875
10247
14069
6933
14423
8090
7555
7278
9030
14220
13160
13059
11253
8321
4034
2282
53094
59474
7973
13054
7839
19384
13121
42041
13490
8676
8247
8390
13641
7461
8204
8328
14073
12650
12184
13260
7942
13362
21043
11161
13493
7840
8848
13460
12222
8461
7862
12246
12177
13025
2239
7985
7343
13016
14011
13196
8944
28260
12178
14054
8060
28205
155
8456
13688
8457
13495
7797
8065
12890
4942
14044
11483
25904
8988
7944
13312
10488
11152
9870
14424
11918
1266
12473
13335
8827
7459
9997
8319
1729
13079
14324
10503
13007
9017
13258
14236
1810
7861
13018
8780
10886
13359
8617
1726
10761
12400
14000
8681
16450
14784
13001
13162
13243
13008
9029
8277
12586
2454
17483
13191
15356
217
13534
12245
10885
4564
10665
10822
13636
9022
31512
9502
14050
14019
17221
26119
14305
10661
13172
9789
13848
2982
45408
12912
14748
15691
14392
8645
1724
13405
10681
8909
8960
11665
13019
10748
12889
26302
13205
8359
13990
10842
12172
64131
15125
13009
13675
14111
11631
8265
14145
13022
9783
10190
13353
13614
88751
11260
13964
13910
10818
14456
572
16007
6687
11802
12914
13183
14154
12247
13012
12133
12568
8836
14048
10898
13541
11910
17245
12192
16725
14061
43680
1735
10187
10185
10183
13996
5038
13851
19877
15859
41245
10189
12289
15069
10188
13300
11671
15208
13649
7446
14878
12180
13107
13256
13436
8885
13310
12621
10483
12620
10186
13515
13956
13637
13564
14566
4944
13805
9381
13291
13991
13972
16182
14771
15206
8285
118309
12165
13184
13726
35854
13484
14458
13389
13279
3
12797
16456
47721
14098
14643
50759
12690
12412
13027
13092
25126
14326
12182
9539
13200
822
8882
13401
12783
14976
12113
13600
13051
10358
10523
13596
4960
12837
14914
7735
14791
12689
13812
27361
13489
13150
14325
13809
11887
13253
114796
10527
13506
8338
3580
36073
20766
12405
10764
15373
8938
16061
16166
13672
14943
4627
13655
13905
11917
8892
12525
13523
14655
15749
22358
14405
29452
8905
8841
13220
6972
13053
10139
8966
16342
13387
12193
14574
10900
14438
14248
12224
10360
14299
13056
13793
13394
34283
14447
10200
8881
8880
11127
14359
19486
13223
11499
8055
14072
13980
8276
11321
41966
12163
4922
10201
2253
38142
6936
13954
10202
13973
4148
194113
51247
17845
15584
13971
13813
13180
14306
12429
16205
17287
25528
8942
13690
16409
14756
10596
13944
10199
10521
13635
14435
13177
14139
8280
12437
2309
13942
13825
14560
14410
13788
13429
6733
14871
14353
14254
17803
14549
10529
1977
13510
14836
15003
24194
14851
13455
4959
10362
10184
14849
15060
26900
15189
13492
7353
14711
5677
16804
25405
1961
20829
30508
15039
26036
14977
38087
15268
17317
15670
19255
14979
8832
8279
13207
15067
14853
15159
7916
20421
14301
8382
13849
26127
13613
16538
13094
18781
16558
13811
16353
15472
13090
15854
14180
16325
17097
15512
21946
6968
13161
14637
18094
16991
16614
16071
20048
8747
16258
15451
22705
16005
14164
9841
13557
13804
19833
15801
18947
16996
8833
16869
16995
21641
15092
17431
33974
18320
17436
2080
17680
21191
13475
22152
16279
11160
168643
15384
17532
10946
30416
15577
13448
14141
17740
13532
25218
15705
14448
21583
534
18360
18238
21755
8429
44012
19955
14126
17332
18405
21832
16871
14160
14003
16899
21724
8282
15588
14857
17927
26508
15712
13975
18785
16164
17609
37924
761
13856
14536
14451
18162
34482
19724
18487
8883
18061
42341
33409
18240
17610
27085
12162
8284
8373
62320
24734
19079
19265
12556
11322
8355
176241
10024
16440
19913
18480
14728
8884
19105
14758
767
10353
9592
14197
8054
14843
8937
22302
53868
22215
18635
20407
21208
16056
20943
21407
12403
20856
17654
24803
17335
13836
18126
14869
30250
17134
20777
13752
19422
15137
18585
19905
22051
14940
24420
13797
31216
19556
23367
16710
19840
25183
14745
19585
17336
11928
18533
15775
18032
8899
20778
22492
17153
43878
15641
25704
23049
26914
26320
24150
25376
12244
5060
15809
22494
37903
17899
18120
17445
19898
6309
10313
17618
19994
11323
3511
12569
19912
18501
22794
26367
18570
22536
16873
25643
29963
30685
17455
12699
23827
20178
25050
22074
22717
23128
12573
28053
24869
36800
21398
23127
23202
24001
22798
23082
19959
18065
19908
28665
23044
18176
26688
22787
4786
24684
11156
19899
23706
11807
17622
23966
21910
16523
18214
3513
25132
12572
22803
33806
8915
19904
24238
19918
24056
23512
8926
22947
23173
53985
44338
22804
13576
28422
24418
22821
22800
24804
29150
14968
16577
37767
22820
10315
30431
38984
54648
17979
105077
4475
24480
19851
24293
14161
22825
8088
22824
25793
11699
18239
17774
28089
14859
22832
14172
19167
9924
33273
20411
6058
31002
25472
7445
27258
20764
22881
1284
25716
15400
22640
22949
16866
12404
23951
30238
34653
14452
7980
22954
10198
26171
4597
31909
20606
24438
19197
25968
61872
32615
19995
10197
10268
22897
10528
25196
36811
23398
28520
25137
18898
26123
49687
25769
25680
23963
22327
19901
28178
25195
20504
33613
21575
28227
26820
24271
1450
18476
15774
21521
44027
31175
22274
40229
10800
25676
25205
17606
25602
2395
13855
17911
13382
33511
23410
22164
15255
20453
22894
22404
23988
21453
27569
8349
13477
12201
14016
26466
8952
40724
33602
12169
27989
25983
24469
11518
31578
32856
7978
60086
11324
17334
26715
38448
13949
24253
32657
23742
27561
11439
26963
32868
23172
26428
22805
20083
15357
29427
22971
23023
20871
14235
25967
5595
10664
28739
17473
26022
12155
40623
22972
29182
17277
26389
20618
23488
27583
26390
34016
25941
23169
16763
16350
15846
14765
44363
34592
29426
34335
31299
34563
27573
12834
15483
33788
16436
31867
28355
36970
34423
23048
28211
30018
10191
22582
37181
45035
15544
28510
20825
25053
27936
18823
18352
34769
35939
23483
16759
35056
13417
36419
22419
11801
34583
11761
27586
1568
18426
26178
34803
37861
33217
41110
20497
23568
38810
21345
40168
44132
34813
35690
39053
37169
39452
32985
10138
32084
38579
37931
27004
10870
4180
15877
1549
38996
18899
37178
34069
23437
37495
19173
35169
37828
36950
37565
38542
12219
20662
34626
23538
5590
26587
36801
46705
37821
14257
26388
9543
40247
37034
25846
37786
32823
38199
36736
35217
34806
37707
13058
37056
34480
38570
38846
29917
20533
34544
10193
39641
35164
39013
18897
10192
38780
37414
39545
13989
40819
24021
36691
34647
10196
37652
26932
16023
34851
37659
20352
27205
38365
27022
37834
32395
38575
39037
15714
22556
39781
73861
40850
40662
27576
42918
31011
38778
35019
48197
31203
27297
37472
38843
37950
24122
27581
41135
33195
39414
27578
22538
44629
23759
26280
9503
44737
21781
43549
14138
38150
43593
35552
44718
26035
16346
41479
31900
29159
42194
20200
28609
38358
27579
14158
37905
41210
40663
10165
23631
41233
38073
43642
22681
40264
28938
35791
37645
39995
37799
45162
23168
22476
37735
38167
38568
43939
15179
43949
44992
33909
41216
39691
41482
43923
38842
38410
38961
30931
46198
41402
45745
10378
39486
27374
44040
38303
38408
42296
38031
44113
173672
44639
43933
45094
70695
42188
20034
41201
19597
53486
46812
46837
45649
39681
41505
16290
39312
42307
45650
42941
50475
39440
39514
44716
43931
13548
25073
14397
41211
46332
4729
41436
51241
8316
22398
44603
41215
1782
38234
41439
41733
44115
38055
44214
49953
43943
38363
59408
48466
38325
38368
44048
38357
48303
43539
39210
44147
43434
45958
36940
12444
45269
38757
45317
41556
56648
35458
49787
46420
45324
33996
47979
48838
42684
38117
43347
10140
47607
37710
48946
44028
48395
44982
49901
43919
46503
43930
44264
20526
44009
42888
46829
44129
37080
40149
49797
52587
41283
35138
27585
23282
39451
38745
48748
52208
56812
46207
33107
42297
51739
46838
41515
31850
15302
52696
46138
46689
23830
22007
40805
49009
46528
14070
50618
43209
23047
45284
43950
49849
14556
35052
40619
44564
55061
10854
63578
47909
45202
51876
89704
13652
22843
43947
55165
53596
31007
38033
54293
12536
41630
50348
48171
43920
56590
35831
50217
45272
48138
48340
52067
46441
45772
50204
18438
30432
43552
39513
46789
14538
20993
183894
33997
42171
878
47327
44896
50725
54186
38050
47218
56811
27582
48988
49494
46529
51200
44943
28874
14903
57703
56831
50321
22620
47533
31162
20722
18143
47931
13461
15362
50546
51447
59490
49730
38322
45132
46146
45612
38684
23629
48243
58232
37534
57521
13413
43418
58496
16140
49018
57120
49010
20329
55725
48650
13190
39356
60307
53172
50359
58857
50456
46523
29920
49012
41446
46195
57695
62215
31451
10195
45523
30969
56780
24447
48415
50671
57118
9511
202241
51736
55787
33134
50848
57586
51209
51497
19237
54524
62321
46738
43959
49022
55721
38321
50780
47518
1865
59436
63831
51608
8967
45243
52077
23116
3107
57276
49950
44945
15543
51170
59678
59468
51533
46221
49444
49538
49020
52505
45658
41827
55347
37686
41382
58446
19963
44912
15766
56272
13378
58224
52449
38356
59861
38319
47386
64854
65034
22907
53256
38317
51540
41360
49013
63197
66113
45657
61537
37832
67109
59860
4641
66195
12445
65058
64690
1771
50646
51828
63287
27588
67913
66942
59115
51162
65599
54540
13931
41513
43935
50544
20268
12819
47854
55846
45839
19178
24923
57361
46920
14688
59968
63849
78381
51620
70821
61791
51993
49520
50014
62206
67675
46584
11604
59435
56832
39413
55779
60309
55465
40794
47261
56288
46261
58151
55420
44835
21786
52015
58492
48289
62835
55244
43942
63311
20441
15052
64320
44750
37430
51588
16335
52338
63579
11248
40016
73358
69798
48572
67884
14215
55720
50838
72744
70868
65055
51072
39538
61667
64586
64639
60308
72914
73532
73454
61202
47760
55785
68341
71689
61404
38543
18093
55890
24428
49517
60243
48231
59440
33555
10316
74725
49021
67885
58699
40807
81401
74879
74643
13687
59852
148284
64720
56401
73588
39254
73262
35221
68817
60935
53344
76543
75969
50837
71859
69480
10005
52451
49530
70925
62728
44754
72113
71677
50839
72571
72432
71157
45156
58233
59965
53487
76025
63492
69668
70670
69735
32909
45610
61891
46934
70196
59108
88794
27769
73499
17578
74536
52799
95448
65229
75964
44826
70578
37958
71880
75311
62630
70586
84427
51994
51248
77365
75233
60422
55292
9364
47320
65057
60420
64328
50619
57212
23514
75900
79120
13060
70590
38407
15157
30618
74135
53457
51409
25834
57431
64685
28118
11625
9369
9642
75622
65759
51052
77635
56601
57585
91550
62046
70074
76163
13396
46020
70160
59457
49026
49040
1254
58574
66150
101173
57157
70577
62838
56292
74465
65754
71469
55301
73873
52274
80038
63207
79777
46641
24833
41066
73939
50393
71866
76487
74523
77866
14163
78461
75301
63574
62837
63498
71688
78182
65233
72721
72842
79465
79896
57353
38541
52520
75174
49527
70435
66118
65760
74997
34179
62564
77560
27230
50357
74998
71670
36865
72431
73686
76758
77338
73562
54054
80591
58428
78698
50698
48492
76726
65086
80125
52850
64678
67911
66120
75170
15167
59961
72570
80379
78480
84200
72545
51999
47763
79940
53174
30596
75948
81870
29564
16564
70954
74471
71676
77459
21634
27902
73936
83860
168210
57243
52454
71672
77495
71254
45569
25831
52264
79707
79548
72213
57214
73723
73937
75674
59962
49529
47650
68450
79108
64288
74387
80184
48373
77949
41411
91010
63493
64688
82532
79374
81796
59421
70585
81390
67748
61984
80304
80767
82533
81025
94204
57165
74308
86820
10679
74777
71552
94329
22970
81342
74306
2929
51991
85033
91070
56180
92182
76489
70436
54271
62764
44833
50365
82327
74534
73211
40720
60405
63310
84404
75802
31967
72207
28891
70386
67660
77877
72387
57119
15135
66125
62213
13486
92000
40161
50037
79934
103243
61979
76493
14400
22683
41154
58595
86812
27646
77561
93856
78206
72197
85546
111839
94363
70981
111440
35691
92591
12645
86555
48392
50647
83666
72477
82825
103269
79382
80389
50601
13640
85435
49014
72358
72334
84332
80321
68818
84355
39144
39145
22855
55215
48393
39100
62177
13313
63193
39101
13761
86467
76494
81836
72331
44877
68684
96399
40171
34494
80585
88005
13042
13932
13062
13933
72105
100046
13927
77930
39103
24752
83770
39104
34433
95516
1930
39105
21506
23823
57800
84175
98548
82525
25913
11680
13926
13929
103370
80468
83191
80035
93676
84165
44125
73567
44251
39106
39107
14863
86593
78571
101325
16716
13928
13930
103332
64635
75229
22059
103747
28465
56909
39108
39323
8736
16130
80410
51365
39324
18095
76696
122924
49084
100683
59296
13676
37724
20106
77953
85414
82696
84327
8266
49958
79771
84383
75595
77174
82650
79224
85836
84184
109513
109584
14128
76360
118624
49526
71864
82633
71668
89691
84340
84334
77883
127521
119698
48034
79694
83660
84174
83686
114150
77948
84281
112090
89708
59967
84188
87428
26505
97795
84329
77461
84169
96973
71679
87825
89455
100529
68722
49049
137145
60599
20069
19823
77016
84348
84892
103663
103328
102784
88036
51996
75638
82675
82390
17165
88273
82505
86703
77462
85735
83801
86597
110160
101731
80271
110146
97365
123359
84577
70667
101267
57230
77269
90125
62214
82507
13830
76492
110354
69778
68734
86838
79697
134371
109843
84306
99579
72391
84284
84351
78604
57089
75736
50845
80280
117691
82618
99770
97690
135368
82485
9736
82990
121823
98066
86759
94348
83542
133557
89638
61012
128158
82684
117266
87826
126797
64689
84287
113947
84341
13078
82690
82693
87502
96724
87827
84226
97430
84194
118957
46429
26405
82631
123105
133458
138122
135647
121879
13391
79070
77878
19139
127493
86837
98631
62580
65851
19794
114606
52001
78049
12594
80215
123025
121793
72976
73935
91549
84288
135718
50620
58547
60747
81188
13728
101519
114958
97614
16277
102780
119431
85446
70584
75204
104859
140420
13679
94380
49522
91333
98545
152795
112336
93289
83389
71883
25539
76349
88284
49051
87504
84305
127501
97630
97989
84185
125490
160
11540
37653
139567
82654
19099
83186
44560
116979
77875
82687
84333
75780
68718
89492
94352
80278
82695
87440
128270
121826
139455
97051
118683
235271
24446
44244
41592
74726
88042
75761
124067
134597
112304
127533
193380
97605
104155
133694
116613
118628
31022
132923
138376
4171
115276
76617
82682
87496
98339
68812
147538
139038
66193
142061
103740
88557
102000
31046
30347
134673
76640
132232
145197
100183
98357
89501
121872
84309
84336
53567
114779
59197
77117
94047
85872
87818
156717
128190
119283
91186
117974
60304
109520
91679
118677
51071
87499
127864
93858
58244
162145
18912
81446
121824
70793
45316
34843
110398
90369
150202
13648
109421
109431
87436
133121
60011
127918
121835
17577
46541
98567
127370
109491
47964
107811
98205
112949
85545
134481
123678
122857
84330
68179
58235
132344
89008
114478
134411
50275
145135
130739
170657
28090
81005
146203
53399
129112
72559
71325
86825
152259
157117
68728
102362
49519
59883
136403
127372
60534
93394
95775
89185
35558
81250
117978
150117
124459
122081
144789
158011
117263
156268
84199
167305
121875
97367
78215
127867
173153
72710
65650
144340
17501
18843
158739
25516
109428
68727
93828
128136
133698
75612
100089
171337
59963
60281
109410
126250
110420
37757
127517
4258
102001
13647
63686
134374
80384
169934
15257
30675
137563
121606
84204
106021
76589
229768
44865
109414
68721
166076
77234
174321
103731
70057
95755
165739
172631
48254
94901
60540
72525
11119
64682
54138
123431
116741
39386
37269
458
139933
128216
156236
168676
20803
83900
77987
109439
82992
116711
152780
137182
100493
121986
104755
119675
81534
123103
166666
82700
75656
77805
194121
184125
118737
74513
38540
85431
116811
147773
127884
143567
111083
72660
91739
49521
156700
87567
121873
158015
121677
174188
159014
105965
96936
62211
192538
160085
96599
80518
103620
120292
68726
177271
152742
72190
68724
159004
41586
159154
127373
126277
174772
179826
93456
117251
107985
136418
136795
57201
121936
124157
81167
109099
124071
159117
45556
141733
19506
157386
112200
157375
132064
112198
127846
173210
157115
205321
111969
157354
206324
149085
49524
41180
183011
62441
182127
199420
77663
179111
138843
54320
51481
178809
172847
77950
76170
159138
172533
159092
146216
177221
198062
180948
165213
160139
136400
168138
160588
153738
179144
109729
11144
11614
185574
4548
76285
77931
177699
23535
158743
201676
76544
113148
21683
65291
138832
39957
109418
110410
59859
87421
151960
158999
115348
149870
198210
115782
123553
47559
154282
132363
157360
159622
152748
122906
205022
15440
30689
101179
30061
98568
199373
83899
25756
169209
138496
127651
32389
33196
16921
111190
79628
50674
135812
118293
211954
164558
146223
146227
158884
49047
207768
212716
104634
146233
164457
133369
130593
156711
91586
96721
112205
169813
121789
34188
12791
103689
129139
136911
100544
19458
109417
156708
71700
81857
134394
179109
129670
45756
209263
138697
133931
157820
193613
157409
25377
128241
172828
158445
165904
43727
146238
152584
97006
188761
167032
209262
159008
190754
109451
86004
10598
109424
198287
115442
75735
106747
85889
91745
214100
175528
115210
107846
10085
139651
195423
38093
133805
162903
109091
34023
166879
191502
158752
146015
76203
209406
157370
174366
152747
127374
19594
80274
200481
213121
190847
208134
19658
76338
152532
97434
133200
73500
194101
15709
187022
124075
162215
72890
172803
123377
230158
121674
175574
80188
137093
191421
225703
78294
123362
205220
203833
146304
209274
238407
41498
176983
101299
57158
64686
169219
146239
41602
15991
204435
200462
121642
80662
40466
109445
200713
201749
86829
106646
204082
192136
152737
16692
134366
75629
58043
214597
158916
174311
212063
16985
168672
116745
152601
184314
177203
172897
215830
178290
176297
193756
197033
70338
214083
210024
140823
167502
241765
157351
49852
18269
87516
25866
109443
213015
42892
110415
20878
40342
166271
158990
180894
11367
86331
83869
11039
82679
91551
79113
233063
169881
27584
186929
185267
119278
64807
229296
17478
209504
240629
195269
115283
159024
227348
152603
42329
191714
124623
245775
111473
126963
153158
243531
177945
127560
83896
118289
159128
39102
190880
206408
176068
39148
113594
159002
168530
137094
157350
6418
240916
221667
159037
102207
79316
242661
84178
59145
10958
159932
56906
156965
71622
11188
177047
217993
174671
56647
185008
24475
126319
222911
207769
137968
173185
100241
54102
157099
181886
171540
186992
130150
184352
100898
15359
236399
21435
157841
59118
177888
160068
60025
14028
152760
137106
97020
209247
249397
83564
2594
219318
74461
144336
41109
141043
246320
197082
143049
99367
157834
226857
137321
210913
83727
146375
157847
133441
210047
17684
30127
249923
98162
13470
22504
182246
222899
120467
201086
201550
255756
233470
21474
13934
13061
24589
187028
252841
248507
127847
204765
183836
220286
225565
158908
157336
160070
19325
192102
205724
225574
158914
159095
199818
158907
198375
53182
87587
202141
204349
242076
168245
47626
248774
175291
196024
128246
21788
256731
73624
56743
82703
97370
136797
242042
177494
209403
235260
58767
83201
62156
228202
203217
54597
209355
134350
236737
186971
192577
248390
16167
100402
168399
209276
86834
227783
257346
204668
56415
12685
17456
253239
53168
155084
188207
145220
192134
89237
119360
215743
190955
208277
256561
9753
252607
110112
209799
138222
174675
256474
170689
38626
193612
200505
191294
180299
158091
171776
102382
251519
157832
157547
249660
244509
197796
179538
172385
262481
226448
214314
214030
157353
167575
59726
236751
193610
184345
12242
209350
203739
254473
152792
89584
168742
145247
210479
242310
76649
44269
225564
192813
195589
46845
191720
174316
205601
152599
19703
262338
82529
139519
186935
16931
252680
240832
127585
124905
74505
187596
188166
192132
212231
59981
212778
267795
120852
253251
113833
210947
260202
260339
232672
198277
166822
102651
192149
254474
194722
258893
137698
209249
188161
137113
262391
203819
177677
106938
198185
174323
192133
255268
207021
82657
185471
248212
222935
209185
174682
140870
82881
100271
157851
15942
201066
218425
93837
227700
187017
244088
156022
82702
194662
112160
87368
159770
146243
259943
85350
253279
184098
209451
250658
91314
215042
169607
204968
206192
171372
70706
180296
218836
50032
262340
226486
64246
242224
267999
244786
210577
152790
250766
119450
41517
258750
123109
169298
211052
184346
253235
227877
44588
253310
225886
244267
79553
53482
238636
214075
118340
208284
242095
262958
185460
138103
250551
235984
276935
37737
184315
150897
157849
231576
156713
215848
215962
82120
244536
242088
238603
57331
243683
269100
244566
209269
157845
44155
239566
217316
242454
229297
139997
265169
252822
253306
228194
242643
193722
244610
76757
98566
273404
243935
227156
174337
286709
193893
198436
269650
69225
258805
242022
211067
189
249164
265010
157823
211065
209244
197696
221902
259761
220289
282813
124470
209189
256274
242090
247182
207780
241848
126172
94590
204922
234200
216282
283384
192145
254191
244517
154400
246400
244772
287590
3171
196325
198663
136835
244506
248504
270302
169917
282296
244264
245859
276843
265189
111479
264656
54561
251981
254904
157825
282041
284427
222461
270668
170687
149871
239678
15916
267480
57812
157424
190859
246403
254375
210911
271397
253312
149509
250546
151368
244534
286554
49017
1285
227300
262543
241254
227707
38084
73818
244761
251852
188598
206487
204436
46247
146381
273641
54113
246741
276496
239571
245891
208869
286654
205587
157829
244268
228150
266285
215211
239563
215379
126323
156597
54557
28302
218778
218043
245844
285025
253292
265016
289727
258193
242512
15021
54445
242582
152736
177572
49706
236735
228326
200727
217923
225044
273271
149087
264660
253254
257874
234862
245700
251232
180305
77887
116440
82424
98622
58626
27310
151933
260063
14830
77499
19164
19165
17337
31473
196830
171581
199575
178446
17108
280795
244563
256311
130747
103686
25754
25752
25751
201847
289314
265180
216156
87492
44092
199534
14459
57749
185567
77951
75258
25475
36597
290729
293633
290542
183662
207933
238628
260001
286817
256092
209271
172226
128154
180147
227094
272692
79723
203793
167581
241842
240510
84111
82450
77067
20342
104329
164251
205596
171274
287495
34182
262551
244403
131631
270403
222649
295315
288281
237791
140222
188538
186161
147441
206563
265195
298077
212167
250657
9742
17009
167963
244001
55538
100042
206821
258086
261037
256913
15741
114750
17893
17808
209361
266856
282848
227735
232679
192558
193726
283726
289153
295087
140818
18940
263614
10258
32080
267806
48186
17963
254194
242828
119892
110416
241771
159121
205775
66129
105001
214081
303623
251736
135397
293310
21861
170522
297608
250643
41608
9510
184992
227159
139715
27996
10473
46302
102629
238589
25518
270946
253331
252178
256917
75491
284293
116149
203834
294254
79218
306650
244458
276922
289416
20077
11616
282297
253295
246860
297596
210908
262840
207774
181009
134375
110552
136278
86305
17792
110402
245916
252511
42438
74018
15261
42441
38366
285423
253272
214086
122917
273895
227306
246080
250538
277547
295144
172391
252171
265177
241239
228970
2699
174678
284296
190469
294308
87093
224141
9807
17681
243684
171846
312497
228967
207703
181533
222216
180951
46127
267863
120605
259018
175555
277368
51090
212606
51017
81393
11612
63727
280000
68737
214761
278334
78093
48805
300706
227359
286532
271185
266031
92321
196867
297222
296626
276918
252529
266040
253065
276908
303542
17825
198184
130925
256835
265297
232175
285700
260346
201088
294652
48714
87101
288158
199591
142563
43629
774
37775
37768
37777
56825
56804
44933
22728
38327
20414
36298
93855
255456
208763
289394
13654
54518
19824
101660
4226
230222
13360
18729
85373
24655
244688
78383
125509
200085
5139
181330
121734
140161
70008
60575
250225
256876
33932
9817
24116
39227
53459
239562
209901
25597
15616
51250
77879
293262
209416
270303
269173
98582
28635
119738
287084
22175
146631
38602
114982
160704
242452
44678
234567
277432
15671
58231
38157
243568
36251
111443
254188
167683
30178
176570
14059
15166
42189
122192
98368
84575
11496
133365
70703
24102
54164
255692
28468
25556
25587
24554
65496
251768
259074
256740
21518
9973
48844
149910
59117
254869
109689
76341
280092
140607
271969
68735
99861
76600
166426
102899
166424
293660
283995
271110
284052
246655
268171
133790
270343
16652
258251
24556
150004
228676
85870
172386
231474
284276
164372
15587
279828
284536
249170
297556
207475
122083
302828
286875
59722
203321
210860
216015
305932
53215
27850
34205
34560
44874
38580
27618
36129
16048
159704
290555
13924
253287
250066
189197
302429
123235
272693
128876
280002
277355
285135
121828
276844
12609
266034
9948
199661
1871
1870
1875
20875
72478
277688
227719
321594
167073
295490
309298
249688
309299
291869
309581
310119
310121
309242
309245
309503
232572
245706
253406
288036
319075
319091
318224
318225
318044
283235
251321
283330
266082
308457
308453
308638
250124
308639
307946
308369
308024
308027
294132
308032
306197
193687
52286
254721
103758
188765
3480
110390
230266
73108
312526
72784
185341
307663
278468
250761
167810
56405
287524
320316
255913
316269
251994
119193
24051
126757
27866
289333
256347
43645
235093
24476
24477
201765
273248
272691
81332
265208
286565
265226
252838
81684
290999
241251
263105
253849
86835
311291
320003
320007
186976
276839
244562
265228
13397
127853
248933
254772
2141
37058
206296
201085
300803
11425
15567
243938
19106
18896
189204
287509
271164
286873
325358
114155
179150
146578
165864
256591
288789
246127
228165
234212
119569
268238
28801
13643
290764
228203
309302
243940
38396
50531
239573
298040
197950
223954
196750
259956
191121
264337
50135
2963
270938
75861
91908
241554
265712
138941
254193
279972
112454
135281
150689
326359
263281
228968
238215
39522
97899
199578
175774
243688
266647
252512
257444
272634
271674
262500
230179
39385
118412
113082
144288
271724
228161
261375
245703
266396
275060
276401
255343
314389
244063
227975
168259
277685
228973
256030
291272
293970
87178
241855
327029
266537
240745
267793
181283
184155
283227
257091
326665
322518
305091
53915
80527
1269
79433
16119
11651
21385
33719
33436
5833
15713
73770
10036
254578
328595
254200
293771
35428
10010
9677
285213
290864
15674
46368
140212
237756
221732
221731
299551
106717
294993
146229
293572
253376
265019
314065
298093
214135
254023
263109
244539
57308
58219
308504
40817
321640
321528
268523
304357
269148
276902
9803
228108
65218
158852
255157
167221
283708
253626
283698
243526
284270
312797
62008
283707
229182
256961
52629
287587
20036
270400
35703
164331
281778
19599
289720
282631
329540
228205
284289
284470
21461
295592
201132
293863
319389
256924
283691
325113
309304
248611
333103
50794
300155
250349
261860
312793
192712
80530
297270
175112
100830
44706
269258
36897
101669
327418
332340
328252
254128
241257
284537
284689
300302
321494
250734
282983
202575
134126
259611
265851
259072
15165
13284
15016
21705
73456
285733
57737
13002
129533
13004
34134
13283
91342
23566
168903
13459
255718
196254
16418
16962
13285
15015
15906
18198
304410
249070
289339
44683
193418
283322
275601
330115
316715
306482
301728
284305
332835
326923
254470
258099
330544
258480
313867
326284
245846
31139
78478
34312
118612
145221
58128
21614
254320
322766
256057
287424
268920
223485
94365
171424
248574
292040
190853
283704
321769
165567
259954
339533
286217
333381
251516
269494
310593
21297
334074
318256
10986
238713
13179
209415
271718
43211
38262
43646
43648
43649
328720
38285
264525
222936
98120
161545
250235
173847
231176
53319
245906
239877
126315
244783
9288
76101
2462
320006
86412
300168
132316
40777
188222
86541
53210
286521
150540
307931
206197
295595
271714
13803
219572
55960
174733
277597
131634
272878
257344
262504
259316
270919
157289
215776
74849
222297
28601
34766
61717
14912
280996
43294
11048
11053
11055
328111
85739
18839
223946
337876
223706
256962
309425
343921
8703
238615
321068
25318
302156
274854
287903
297761
251577
47933
188927
30974
25329
79464
74586
256273
277558
299939
293452
17903
44977
14194
70006
286519
214756
247645
265018
86828
211672
207686
10450
21316
15338
14613
15262
40069
105864
261023
206647
63315
32480
310569
14913
138372
131689
277594
37211
13151
21956
203696
323660
47245
331446
297291
13350
20410
15601
20558
30074
24615
12902
43960
4695
14092
51786
74510
53211
26809
42979
34463
36218
92398
14813
81003
321697
225728
182873
202980
61901
13400
296099
250574
39057
25961
34067
226140
228358
253161
316410
254024
254905
239568
309924
331161
332976
327833
220471
268508
84056
291865
317744
276488
240483
309887
312791
79698
209112
214210
303483
332177
272435
283686
307479
16261
4645
52653
137776
118406
130267
317144
285024
277237
331781
14787
139374
115290
22373
254472
270771
264999
289891
200511
101176
15638
278927
303857
37501
316002
203801
323027
255798
287689
285783
300671
324670
273169
343934
77000
85038
58444
147868
23509
77944
22182
56014
59570
137315
162282
58013
195544
175116
156547
270479
178915
182415
250219
191820
262789
247218
226936
301272
38328
57112
42675
51917
23619
15681
53957
56339
35554
78854
299245
266353
240566
43200
293299
335970
279144
133469
34098
120475
132137
315575
182560
3602
259963
336804
337677
62931
348892
31150
252164
281957
24169
282984
314405
336845
4398
317952
86000
256040
16808
284286
339065
326215
307081
273481
284303
342878
348811
278236
300467
283350
319067
294562
311615
229582
211076
80015
204709
283317
304613
291270
318781
212168
240341
279254
298614
253344
42395
41669
41668
41665
37770
41664
38315
38313
30459
38310
26285
41610
329289
24161
11441
38271
157544
283701
315846
283127
257211
342917
338676
273599
277217
292431
264644
226458
15657
46665
47292
277546
331251
328425
310131
122369
296313
300667
351964
277154
286192
281979
7092
278604
298312
290751
283445
114955
345944
15531
332270
128311
296130
261392
192141
277216
310133
134777
40205
152042
251471
283700
253687
295830
308084
284674
216580
319337
319340
258284
298729
258034
274479
351043
228066
26189
287628
336203
354556
209764
42949
56968
12598
318922
323694
301875
329637
273477
180679
59429
245168
319373
58858
12448
204342
347096
49087
346646
291549
310135
22084
348296
301351
323272
180900
273153
16366
276907
277710
306943
285841
352173
300542
323373
306819
57876
241843
324308
313922
283587
328589
338928
317981
50087
318279
323674
323366
345468
57627
298865
350499
2798
287948
230896
86868
31359
342474
310137
263472
312827
50126
296523
200813
299729
52060
34204
81481
46169
338729
300153
319341
303991
331592
351901
319076
139156
284284
10317
340382
84858
118051
253450
254302
296100
334538
284294
322125
285840
253412
212162
330764
334298
314365
336050
333674
344120
245698
325348
290382
295964
157843
353686
300839
24801
296065
329263
290637
322740
92395
271736
342657
298582
182131
298721
336805
341077
337730
330298
267463
311539
459
457
320736
361159
319995
159824
360784
286301
115626
13968
36269
22371
346401
46581
339530
306745
314385
309809
301228
330112
314402
361931
320028
297762
339988
68730
352161
296098
316042
323661
324807
295799
244316
352208
359364
314388
76115
207270
141581
225719
359305
170759
306947
315872
32577
270487
39285
136294
46713
318917
325848
257117
291151
291866
299715
334536
331576
106845
360638
329819
360605
230211
334394
289712
291692
38988
286668
37973
274626
50479
235704
154030
62977
214910
244114
11175
14660
281780
153795
55758
335866
32272
195276
204553
137409
116227
199584
194523
328869
324253
257445
330127
329829
329712
200645
233639
290762
306969
304372
253414
218784
346808
306964
323370
321303
336811
294963
146301
266639
293646
216539
184219
356296
325302
285387
301846
254172
347754
47354
298382
34942
296025
254201
113329
294016
231001
34729
44899
20323
352157
44037
135309
27703
74944
74945
310126
321741
353345
227973
224815
325690
42436
288171
13986
312831
315465
347548
294741
306952
300654
364137
312221
91417
4728
11913
4727
10516
324325
367326
339527
360203
157827
271983
19548
336004
200823
287426
332502
266058
11530
60175
58833
33624
333348
362136
19100
10939
169020
167364
19543
92393
317182
315620
282963
317190
335209
282758
358881
227262
321751
172520
300666
369230
334527
293982
336222
215881
257088
348060
310491
339274
355020
353464
339751
299687
364067
321666
307103
341744
345637
336882
334028
361042
340275
331836
366548
351694
300693
354072
318846
347969
367735
246355
367551
339145
237584
207936
26736
82743
334376
326425
303867
329833
283596
359983
259694
347944
201223
359746
279690
9287
282069
351819
340666
274167
266294
343284
140300
92499
343702
372981
323929
344041
362045
315319
298722
373977
347201
342927
37817
300601
317442
366566
58431
374416
317198
84105
286987
354216
174751
57718
370665
333596
331190
336313
329440
41518
39436
27621
291157
275269
283589
138038
325173
362703
243442
371759
333675
272548
13713
321974
137333
371492
315880
340176
23382
345875
79516
16907
284514
351145
348678
334878
56589
373451
326094
276905
323675
312669
366924
319888
375290
331962
301729
329805
273899
337029
345235
336807
362057
300792
360030
321258
343795
339547
346170
279096
335778
329004
345775
340357
364116
291870
333377
50124
335051
320302
300673
18874
301325
360799
35025
334531
339408
337960
296096
378385
348089
346651
316000
263341
146198
205584
336808
376869
323677
333371
267860
269149
279641
258363
378200
267193
380565
20051
312804
56418
209251
348674
92060
360387
373314
352162
381353
329809
336199
352025
342281
341392
367215
299824
354251
324803
298584
308409
354857
365222
182219
331354
203351
257087
379873
44239
303982
300602
371645
354110
44351
169865
241927
14467
14071
148265
342672
332721
44425
141679
382517
280840
259720
274109
348537
305638
48617
302528
381890
371758
383809
37265
329010
330697
364540
301365
330770
277713
364433
385317
301348
338065
333352
323665
79550
320588
333385
332704
320048
347689
339984
347881
375012
315664
377799
329815
302688
327528
297806
186759
356326
342521
375742
336011
290825
239103
333663
296360
383535
379291
387893
78476
357096
380808
295699
72912
369557
370755
290595
325133
356300
40043
301608
376570
374465
354924
254439
348390
339994
335578
377985
353326
161143
375572
303858
28452
322240
84907
356298
326423
330483
205588
127380
323676
381341
333669
316152
153518
15088
373072
376292
168055
60809
332411
384737
347938
26691
394374
353069
109453
311667
302401
355008
394661
358895
390520
306523
305455
234004
323262
257440
347945
35026
35114
290250
383121
270010
335053
41413
18377
11681
291264
380111
24827
278774
258509
332567
300665
299582
122800
391626
58007
280690
297239
138686
297961
296370
290098
241259
267935
359871
223702
384798
371560
334533
374475
351454
122293
293670
337154
188183
291805
388440
330916
332872
339397
374473
344854
347031
339148
389053
301804
374458
398289
374173
356842
385320
308531
32790
257345
318121
379220
341012
298459
353433
192040
220903
347123
400608
58522
259693
376261
205891
391757
328429
245913
75198
395883
84228
366564
43074
353610
168098
356334
323372
373476
327040
359790
380225
258322
397517
302699
377462
398535
210910
267192
110490
400605
324668
360606
355254
392553
258489
316727
316023
278154
345911
294272
333386
369776
9031
340611
337874
267852
53010
353571
367999
359156
343173
359412
369032
372411
399106
274504
337703
400411
376233
364051
328387
363676
371865
338189
154441
44510
376812
366514
328901
360249
397278
325789
308266
368596
351809
98948
371738
369033
356626
358430
278247
374052
382322
376659
338766
310888
373473
377587
390734
383869
62592
300669
378570
403119
370178
388347
368940
334304
228496
390584
390989
376660
50497
28808
351339
309886
352695
337674
399894
396535
368031
376579
402446
336455
407389
306966
381767
278924
332285
294795
333484
407375
270774
376867
348668
330982
381356
213681
376581
347751
313297
381255
95610
283552
377264
317557
296524
283366
346685
369883
302946
339927
382399
347126
407887
331583
348677
340485
374617
339792
44749
375950
381034
38289
225745
20072
296917
184341
358807
352890
315011
402331
412519
351242
291351
352492
372058
63700
364690
58051
351037
390497
340487
377273
363841
347033
329556
413765
386501
324786
371449
250388
395925
338544
364615
370978
373889
409696
264729
393729
340945
293767
351211
325346
391698
308529
354859
339419
339405
284564
410199
410876
377151
329718
394412
390669
347762
381028
376166
340677
27370
403642
21481
374464
258230
329865
58443
332210
374671
47177
339116
382511
132712
161908
376228
1609
375366
408537
245627
298583
276624
393559
384664
411009
253154
402529
295832
363757
375794
376453
411638
37609
245473
325189
32293
178682
65256
5764
49350
63710
339967
407655
408508
86822
313369
407806
145316
334517
377154
379779
375315
369885
340103
262848
411736
324560
207932
331313
335796
368993
136799
286567
412924
398891
385737
402298
377448
343611
316021
291356
421281
326285
392058
360029
374461
410718
397514
421851
334541
334543
345918
403450
407559
397243
319096
419639
413279
353728
340684
338964
291413
270007
413471
355065
340402
393445
261102
369769
253980
76122
259910
394684
361777
393407
336445
345920
339396
358725
392142
393764
354979
355338
347026
202220
279229
329981
352186
332794
378064
395763
383807
402693
87561
277834
355506
421313
376866
384682
365942
330459
353979
259695
381288
305943
346672
376290
291328
48784
274870
381284
359246
393457
332979
21752
180371
413052
124277
320413
342737
406785
403357
311324
401060
352490
310307
409447
356305
335797
413543
411019
377275
31160
334522
423093
397981
397717
294463
400547
121856
381707
381289
360814
195590
403052
81440
388399
334524
411873
369299
342473
392832
345922
262841
324542
340837
370964
424014
340481
382501
375872
404791
404378
47971
292280
395982
324849
76420
264170
43641
335791
53217
377263
382598
384727
411088
383785
401544
374205
256569
416211
17417
429238
345925
408159
360365
211387
76535
14564
393519
433244
227932
324552
419430
263115
293167
180863
354282
397837
341006
416477
425591
369778
274857
403605
334532
241258
19761
321612
380124
18955
295693
408220
376424
173897
414190
435921
408272
428449
315837
380623
382595
297160
382602
29896
341174
346681
401513
420245
340584
356500
352885
262982
331588
255709
429199
425942
49992
345009
428074
415358
294992
271826
406385
363126
394269
320318
330947
401104
346650
357424
379019
382597
396263
408438
393765
384581
375355
378018
410988
340101
433356
410117
340676
4369
371504
317560
416166
430128
434616
399173
283378
261461
345938
395992
405882
314095
347882
382591
367147
305470
126889
419522
334521
430826
444513
31501
34311
401546
7290
392207
9830
25610
19002
19766
15212
9711
1596
20760
14611
15982
18500
185789
444705
396810
417644
353569
353070
286538
398929
444706
352501
431937
401743
14681
397415
74336
413658
420648
21778
429450
38577
137116
376134
32536
429662
289222
331392
400928
331214
408647
449674
390051
417678
417830
284457
339846
418437
373569
282035
404584
36968
415665
403509
337339
382509
44249
419700
333354
390582
41663
39371
25606
397442
268531
418078
424488
413998
260514
400136
348893
382614
420714
1631
405775
152100
443319
435707
412202
48847
33914
425134
15014
412209
390054
382518
409297
363579
54471
291276
409926
301372
411405
350312
25771
439998
369697
61672
14395
19625
203835
399019
339403
387426
25998
45318
77710
397422
399612
401698
381518
408439
395452
241863
369524
152989
35320
14543
10572
26264
19580
317925
302150
398920
203665
39346
40194
16269
324852
333667
51191
80617
415132
384371
17101
26920
73144
18457
402907
375183
363992
24357
24914
107170
64502
409421
423988
316154
281338
293768
161337
354287
13741
15449
187672
57382
297680
11842
369894
448449
339964
33365
260312
16455
382589
76812
24230
44268
37769
16266
141015
30163
27066
2791
8366
13981
377278
392794
391700
340027
8453
452068
13570
460024
26787
457962
360737
406990
341013
67409
339987
336890
374430
374720
345915
10260
11912
461955
22643
20755
13683
34065
142320
335988
123229
17630
54309
412105
429200
37991
345914
459928
29458
38286
38397
269795
398924
394260
363925
64202
415086
353491
26177
433630
460846
404733
32593
458506
444902
54551
378236
407531
463906
440708
68063
395834
34671
428495
339692
375798
440597
417870
407448
459950
68637
423453
451955
410554
54559
417320
277839
366505
430365
248705
44918
3104
426272
432789
455661
14008
